Signal statistics
Count = 2
Min   = 1.000000
Max   = 2.000000
Mean  = 1.500000
RMS   = 1.581139
