Count: 5
Min: 1.000000
Max: 5.000000
Mean: 3.000000
RMS: 3.316625
